     37.0000
    112.0000
    194.0000
    288.0000
    395.0000
    520.0000
    667.0000
    843.0000
   1062.0000
   1331.0000
   1664.0000
   2055.0000
   2505.0000
   3000.0000
   3500.0000
   4000.0000
   4500.0000
   5000.0000
   5500.0000
   6000.0000
   6500.0000
   7000.0000
   7500.0000
   8000.0000
   8500.0000
   9000.0000
   9500.0000
  10000.0000
  10500.0000
  11000.0000
  11500.0000
  12000.0000
  12500.0000
  13000.0000
  13500.0000
  14000.0000
  14500.0000
  15000.0000
  15500.0000
  16000.0000
  16500.0000
  17000.0000
  17500.0000
  18000.0000
  18500.0000
  19000.0000
  19500.0000
  20000.0000
  20500.0000
  21000.0000
  21500.0000
  22000.0000
  22500.0000
  23000.0000
  23500.0000
  24000.0000
  24500.0000
  25000.0000
  25500.0000
  26000.0000
  26500.0000
  27000.0000
  27500.0000
  28000.0000
  28500.0000
  29000.0000
  29500.0000
  30000.0000
  30500.0000
  31000.0000
  31500.0000
  32000.0000
  32500.0000
  33000.0000
  33500.0000
  34000.0000
  34500.0000
  35000.0000
  35500.0000
  36000.0000
  36500.0000
  37000.0000
  37500.0000
  38000.0000
  38500.0000
  39000.0000
  39500.0000
  40000.0000
  40500.0000
  41000.0000
  41500.0000
  42000.0000
  42500.0000
  43000.0000
  43500.0000
  44000.0000
  44500.0000
  45000.0000
  45500.0000
  46000.0000
  46500.0000
  47000.0000
  47500.0000
  48000.0000
  48500.0000
  49000.0000
  49500.0000
  50000.0000
  50500.0000
  51000.0000
  51500.0000
  52000.0000
  52500.0000
  53000.0000
  53500.0000
  54000.0000
  54500.0000
  55000.0000
  55500.0000
  56000.0000
  56500.0000
  57000.0000
  57500.0000
  58000.0000
  58500.0000
  59000.0000
  59500.0000
  60000.0000
  60500.0000
  61000.0000
  61500.0000
  62000.0000
  62500.0000
  63000.0000
  63500.0000
  64000.0000
  64500.0000
  65000.0000
  65500.0000
  66000.0000
