  z[m]  p[mb]  tp[K]  q[g/kg]  u[m/s]  v[m/s]
  0   140   1015
    37.0000   1014.8000    296.0670     14.8629      0.0000      0.0000
   112.0000   1006.1772    296.8395     14.5840      0.0000      0.0000
   194.0000    996.8334    297.6859     14.2817      0.0000      0.0000
   288.0000    986.2289    298.6585     13.9387      0.0000      0.0000
   395.0000    974.2950    299.7687     13.5532      0.0000      0.0000
   520.0000    960.5363    301.0696     13.1095      0.0000      0.0000
   667.0000    944.6044    302.6050     12.5973      0.0000      0.0000
   843.0000    925.8766    304.4510     11.9983      0.0000      0.0000
  1062.0000    903.0908    306.7598     11.2751      0.0000      0.0000
  1331.0000    875.8685    309.6131     10.4218      0.0000      0.0000
  1664.0000    843.3033    313.1718      9.4208      0.0000      0.0000
  2055.0000    806.6079    317.3874      8.3255      0.0000      0.0000
  2505.0000    766.3470    322.2885      7.1731      0.0000      0.0000
  3000.0000    724.3767    327.7409      6.0384      0.0000      0.0000
  3500.0000    684.3151    333.3146      5.0297      0.0000      0.0000
  4000.0000    646.4687    338.9562      4.1525      0.0000      0.0000
  4500.0000    610.7150    344.6678      3.3979      0.0000      0.0000
  5000.0000    576.9384    350.4519      2.7558      0.0000      0.0000
  5500.0000    545.0295    356.3112      2.2153      0.0000      0.0000
  6000.0000    514.8850    362.2486      1.7650      0.0000      0.0000
  6500.0000    486.4075    368.2675      1.3938      0.0000      0.0000
  7000.0000    459.5047    374.3708      1.0909      0.0000      0.0000
  7500.0000    434.0897    380.5620      0.8463      0.0000      0.0000
  8000.0000    410.0800    386.8440      0.6507      0.0000      0.0000
  8500.0000    387.3981    393.2201      0.4959      0.0000      0.0000
  9000.0000    365.9705    399.6933      0.3746      0.0000      0.0000
  9500.0000    345.7279    406.2663      0.2805      0.0000      0.0000
 10000.0000    326.6048    412.9421      0.2081      0.0000      0.0000
 10500.0000    308.5392    419.7232      0.1531      0.0000      0.0000
 11000.0000    291.4727    426.6122      0.1116      0.0000      0.0000
 11500.0000    275.3500    433.6116      0.0806      0.0000      0.0000
 12000.0000    260.1190    440.7238      0.0577      0.0000      0.0000
 12500.0000    245.7303    447.9510      0.0410      0.0000      0.0000
 13000.0000    232.1374    455.2956      0.0288      0.0000      0.0000
 13500.0000    219.2963    462.7597      0.0201      0.0000      0.0000
 14000.0000    207.1654    470.3455      0.0139      0.0000      0.0000
 14500.0000    195.7054    478.0553      0.0095      0.0000      0.0000
 15000.0000    184.8792    485.8911      0.0065      0.0000      0.0000
 15500.0000    174.6518    493.8564      0.0000      0.0000      0.0000
 16000.0000    174.6419    493.8644      0.0000      0.0000      0.0000
 16500.0000    174.6319    493.8725      0.0000      0.0000      0.0000
 17000.0000    174.6220    493.8805      0.0000      0.0000      0.0000
 17500.0000    174.6121    493.8886      0.0000      0.0000      0.0000
 18000.0000    174.6021    493.8966      0.0000      0.0000      0.0000
 18500.0000    174.5922    493.9046      0.0000      0.0000      0.0000
 19000.0000    174.5822    493.9127      0.0000      0.0000      0.0000
 19500.0000    174.5723    493.9207      0.0000      0.0000      0.0000
 20000.0000    174.5624    493.9287      0.0000      0.0000      0.0000
 20500.0000    174.5524    493.9368      0.0000      0.0000      0.0000
 21000.0000    174.5425    493.9448      0.0000      0.0000      0.0000
 21500.0000    174.5326    493.9528      0.0000      0.0000      0.0000
 22000.0000    174.5226    493.9609      0.0000      0.0000      0.0000
 22500.0000    174.5127    493.9689      0.0000      0.0000      0.0000
 23000.0000    174.5028    493.9769      0.0000      0.0000      0.0000
 23500.0000    174.4928    493.9850      0.0000      0.0000      0.0000
 24000.0000    174.4829    493.9930      0.0000      0.0000      0.0000
 24500.0000    174.4730    494.0010      0.0000      0.0000      0.0000
 25000.0000    174.4631    494.0091      0.0000      0.0000      0.0000
 25500.0000    174.4531    494.0171      0.0000      0.0000      0.0000
 26000.0000    174.4432    494.0252      0.0000      0.0000      0.0000
 26500.0000    174.4333    494.0332      0.0000      0.0000      0.0000
 27000.0000    174.4234    494.0412      0.0000      0.0000      0.0000
 27500.0000    174.4134    494.0493      0.0000      0.0000      0.0000
 28000.0000    174.4035    494.0573      0.0000      0.0000      0.0000
 28500.0000    174.3936    494.0653      0.0000      0.0000      0.0000
 29000.0000    174.3837    494.0734      0.0000      0.0000      0.0000
 29500.0000    174.3737    494.0814      0.0000      0.0000      0.0000
 30000.0000    174.3638    494.0895      0.0000      0.0000      0.0000
 30500.0000    174.3539    494.0975      0.0000      0.0000      0.0000
 31000.0000    174.3440    494.1055      0.0000      0.0000      0.0000
 31500.0000    174.3340    494.1136      0.0000      0.0000      0.0000
 32000.0000    174.3241    494.1216      0.0000      0.0000      0.0000
 32500.0000    174.3142    494.1296      0.0000      0.0000      0.0000
 33000.0000    174.3043    494.1377      0.0000      0.0000      0.0000
 33500.0000    174.2944    494.1457      0.0000      0.0000      0.0000
 34000.0000    174.2844    494.1538      0.0000      0.0000      0.0000
 34500.0000    174.2745    494.1618      0.0000      0.0000      0.0000
 35000.0000    174.2646    494.1698      0.0000      0.0000      0.0000
 35500.0000    174.2547    494.1779      0.0000      0.0000      0.0000
 36000.0000    174.2448    494.1859      0.0000      0.0000      0.0000
 36500.0000    174.2349    494.1940      0.0000      0.0000      0.0000
 37000.0000    174.2249    494.2020      0.0000      0.0000      0.0000
 37500.0000    174.2150    494.2100      0.0000      0.0000      0.0000
 38000.0000    174.2051    494.2181      0.0000      0.0000      0.0000
 38500.0000    174.1952    494.2261      0.0000      0.0000      0.0000
 39000.0000    174.1853    494.2342      0.0000      0.0000      0.0000
 39500.0000    174.1754    494.2422      0.0000      0.0000      0.0000
 40000.0000    174.1655    494.2502      0.0000      0.0000      0.0000
 40500.0000    174.1556    494.2583      0.0000      0.0000      0.0000
 41000.0000    174.1456    494.2663      0.0000      0.0000      0.0000
 41500.0000    174.1357    494.2744      0.0000      0.0000      0.0000
 42000.0000    174.1258    494.2824      0.0000      0.0000      0.0000
 42500.0000    174.1159    494.2904      0.0000      0.0000      0.0000
 43000.0000    174.1060    494.2985      0.0000      0.0000      0.0000
 43500.0000    174.0961    494.3065      0.0000      0.0000      0.0000
 44000.0000    174.0862    494.3146      0.0000      0.0000      0.0000
 44500.0000    174.0763    494.3226      0.0000      0.0000      0.0000
 45000.0000    174.0664    494.3306      0.0000      0.0000      0.0000
 45500.0000    174.0565    494.3387      0.0000      0.0000      0.0000
 46000.0000    174.0466    494.3467      0.0000      0.0000      0.0000
 46500.0000    174.0367    494.3548      0.0000      0.0000      0.0000
 47000.0000    174.0268    494.3628      0.0000      0.0000      0.0000
 47500.0000    174.0169    494.3709      0.0000      0.0000      0.0000
 48000.0000    174.0070    494.3789      0.0000      0.0000      0.0000
 48500.0000    173.9970    494.3869      0.0000      0.0000      0.0000
 49000.0000    173.9871    494.3950      0.0000      0.0000      0.0000
 49500.0000    173.9772    494.4030      0.0000      0.0000      0.0000
 50000.0000    173.9673    494.4111      0.0000      0.0000      0.0000
 50500.0000    173.9574    494.4191      0.0000      0.0000      0.0000
 51000.0000    173.9475    494.4272      0.0000      0.0000      0.0000
 51500.0000    173.9376    494.4352      0.0000      0.0000      0.0000
 52000.0000    173.9277    494.4432      0.0000      0.0000      0.0000
 52500.0000    173.9179    494.4513      0.0000      0.0000      0.0000
 53000.0000    173.9080    494.4593      0.0000      0.0000      0.0000
 53500.0000    173.8981    494.4674      0.0000      0.0000      0.0000
 54000.0000    173.8882    494.4754      0.0000      0.0000      0.0000
 54500.0000    173.8783    494.4835      0.0000      0.0000      0.0000
 55000.0000    173.8684    494.4915      0.0000      0.0000      0.0000
 55500.0000    173.8585    494.4995      0.0000      0.0000      0.0000
 56000.0000    173.8486    494.5076      0.0000      0.0000      0.0000
 56500.0000    173.8387    494.5156      0.0000      0.0000      0.0000
 57000.0000    173.8288    494.5237      0.0000      0.0000      0.0000
 57500.0000    173.8189    494.5317      0.0000      0.0000      0.0000
 58000.0000    173.8090    494.5398      0.0000      0.0000      0.0000
 58500.0000    173.7991    494.5478      0.0000      0.0000      0.0000
 59000.0000    173.7892    494.5559      0.0000      0.0000      0.0000
 59500.0000    173.7793    494.5639      0.0000      0.0000      0.0000
 60000.0000    173.7695    494.5719      0.0000      0.0000      0.0000
 60500.0000    173.7596    494.5800      0.0000      0.0000      0.0000
 61000.0000    173.7497    494.5880      0.0000      0.0000      0.0000
 61500.0000    173.7398    494.5961      0.0000      0.0000      0.0000
 62000.0000    173.7299    494.6041      0.0000      0.0000      0.0000
 62500.0000    173.7200    494.6122      0.0000      0.0000      0.0000
 63000.0000    173.7101    494.6202      0.0000      0.0000      0.0000
 63500.0000    173.7002    494.6283      0.0000      0.0000      0.0000
 64000.0000    173.6904    494.6363      0.0000      0.0000      0.0000
 64500.0000    173.6805    494.6444      0.0000      0.0000      0.0000
 65000.0000    173.6706    494.6524      0.0000      0.0000      0.0000
 65500.0000    173.6607    494.6605      0.0000      0.0000      0.0000
 66000.0000    173.6508    494.6685      0.0000      0.0000      0.0000
  1000   140   1015
    37.0000   1014.8000    296.0670     14.8629      0.0000      0.0000
   112.0000   1006.1772    296.8395     14.5840      0.0000      0.0000
   194.0000    996.8334    297.6859     14.2817      0.0000      0.0000
   288.0000    986.2289    298.6585     13.9387      0.0000      0.0000
   395.0000    974.2950    299.7687     13.5532      0.0000      0.0000
   520.0000    960.5363    301.0696     13.1095      0.0000      0.0000
   667.0000    944.6044    302.6050     12.5973      0.0000      0.0000
   843.0000    925.8766    304.4510     11.9983      0.0000      0.0000
  1062.0000    903.0908    306.7598     11.2751      0.0000      0.0000
  1331.0000    875.8685    309.6131     10.4218      0.0000      0.0000
  1664.0000    843.3033    313.1718      9.4208      0.0000      0.0000
  2055.0000    806.6079    317.3874      8.3255      0.0000      0.0000
  2505.0000    766.3470    322.2885      7.1731      0.0000      0.0000
  3000.0000    724.3767    327.7409      6.0384      0.0000      0.0000
  3500.0000    684.3151    333.3146      5.0297      0.0000      0.0000
  4000.0000    646.4687    338.9562      4.1525      0.0000      0.0000
  4500.0000    610.7150    344.6678      3.3979      0.0000      0.0000
  5000.0000    576.9384    350.4519      2.7558      0.0000      0.0000
  5500.0000    545.0295    356.3112      2.2153      0.0000      0.0000
  6000.0000    514.8850    362.2486      1.7650      0.0000      0.0000
  6500.0000    486.4075    368.2675      1.3938      0.0000      0.0000
  7000.0000    459.5047    374.3708      1.0909      0.0000      0.0000
  7500.0000    434.0897    380.5620      0.8463      0.0000      0.0000
  8000.0000    410.0800    386.8440      0.6507      0.0000      0.0000
  8500.0000    387.3981    393.2201      0.4959      0.0000      0.0000
  9000.0000    365.9705    399.6933      0.3746      0.0000      0.0000
  9500.0000    345.7279    406.2663      0.2805      0.0000      0.0000
 10000.0000    326.6048    412.9421      0.2081      0.0000      0.0000
 10500.0000    308.5392    419.7232      0.1531      0.0000      0.0000
 11000.0000    291.4727    426.6122      0.1116      0.0000      0.0000
 11500.0000    275.3500    433.6116      0.0806      0.0000      0.0000
 12000.0000    260.1190    440.7238      0.0577      0.0000      0.0000
 12500.0000    245.7303    447.9510      0.0410      0.0000      0.0000
 13000.0000    232.1374    455.2956      0.0288      0.0000      0.0000
 13500.0000    219.2963    462.7597      0.0201      0.0000      0.0000
 14000.0000    207.1654    470.3455      0.0139      0.0000      0.0000
 14500.0000    195.7054    478.0553      0.0095      0.0000      0.0000
 15000.0000    184.8792    485.8911      0.0065      0.0000      0.0000
 15500.0000    174.6518    493.8564      0.0000      0.0000      0.0000
 16000.0000    174.6419    493.8644      0.0000      0.0000      0.0000
 16500.0000    174.6319    493.8725      0.0000      0.0000      0.0000
 17000.0000    174.6220    493.8805      0.0000      0.0000      0.0000
 17500.0000    174.6121    493.8886      0.0000      0.0000      0.0000
 18000.0000    174.6021    493.8966      0.0000      0.0000      0.0000
 18500.0000    174.5922    493.9046      0.0000      0.0000      0.0000
 19000.0000    174.5822    493.9127      0.0000      0.0000      0.0000
 19500.0000    174.5723    493.9207      0.0000      0.0000      0.0000
 20000.0000    174.5624    493.9287      0.0000      0.0000      0.0000
 20500.0000    174.5524    493.9368      0.0000      0.0000      0.0000
 21000.0000    174.5425    493.9448      0.0000      0.0000      0.0000
 21500.0000    174.5326    493.9528      0.0000      0.0000      0.0000
 22000.0000    174.5226    493.9609      0.0000      0.0000      0.0000
 22500.0000    174.5127    493.9689      0.0000      0.0000      0.0000
 23000.0000    174.5028    493.9769      0.0000      0.0000      0.0000
 23500.0000    174.4928    493.9850      0.0000      0.0000      0.0000
 24000.0000    174.4829    493.9930      0.0000      0.0000      0.0000
 24500.0000    174.4730    494.0010      0.0000      0.0000      0.0000
 25000.0000    174.4631    494.0091      0.0000      0.0000      0.0000
 25500.0000    174.4531    494.0171      0.0000      0.0000      0.0000
 26000.0000    174.4432    494.0252      0.0000      0.0000      0.0000
 26500.0000    174.4333    494.0332      0.0000      0.0000      0.0000
 27000.0000    174.4234    494.0412      0.0000      0.0000      0.0000
 27500.0000    174.4134    494.0493      0.0000      0.0000      0.0000
 28000.0000    174.4035    494.0573      0.0000      0.0000      0.0000
 28500.0000    174.3936    494.0653      0.0000      0.0000      0.0000
 29000.0000    174.3837    494.0734      0.0000      0.0000      0.0000
 29500.0000    174.3737    494.0814      0.0000      0.0000      0.0000
 30000.0000    174.3638    494.0895      0.0000      0.0000      0.0000
 30500.0000    174.3539    494.0975      0.0000      0.0000      0.0000
 31000.0000    174.3440    494.1055      0.0000      0.0000      0.0000
 31500.0000    174.3340    494.1136      0.0000      0.0000      0.0000
 32000.0000    174.3241    494.1216      0.0000      0.0000      0.0000
 32500.0000    174.3142    494.1296      0.0000      0.0000      0.0000
 33000.0000    174.3043    494.1377      0.0000      0.0000      0.0000
 33500.0000    174.2944    494.1457      0.0000      0.0000      0.0000
 34000.0000    174.2844    494.1538      0.0000      0.0000      0.0000
 34500.0000    174.2745    494.1618      0.0000      0.0000      0.0000
 35000.0000    174.2646    494.1698      0.0000      0.0000      0.0000
 35500.0000    174.2547    494.1779      0.0000      0.0000      0.0000
 36000.0000    174.2448    494.1859      0.0000      0.0000      0.0000
 36500.0000    174.2349    494.1940      0.0000      0.0000      0.0000
 37000.0000    174.2249    494.2020      0.0000      0.0000      0.0000
 37500.0000    174.2150    494.2100      0.0000      0.0000      0.0000
 38000.0000    174.2051    494.2181      0.0000      0.0000      0.0000
 38500.0000    174.1952    494.2261      0.0000      0.0000      0.0000
 39000.0000    174.1853    494.2342      0.0000      0.0000      0.0000
 39500.0000    174.1754    494.2422      0.0000      0.0000      0.0000
 40000.0000    174.1655    494.2502      0.0000      0.0000      0.0000
 40500.0000    174.1556    494.2583      0.0000      0.0000      0.0000
 41000.0000    174.1456    494.2663      0.0000      0.0000      0.0000
 41500.0000    174.1357    494.2744      0.0000      0.0000      0.0000
 42000.0000    174.1258    494.2824      0.0000      0.0000      0.0000
 42500.0000    174.1159    494.2904      0.0000      0.0000      0.0000
 43000.0000    174.1060    494.2985      0.0000      0.0000      0.0000
 43500.0000    174.0961    494.3065      0.0000      0.0000      0.0000
 44000.0000    174.0862    494.3146      0.0000      0.0000      0.0000
 44500.0000    174.0763    494.3226      0.0000      0.0000      0.0000
 45000.0000    174.0664    494.3306      0.0000      0.0000      0.0000
 45500.0000    174.0565    494.3387      0.0000      0.0000      0.0000
 46000.0000    174.0466    494.3467      0.0000      0.0000      0.0000
 46500.0000    174.0367    494.3548      0.0000      0.0000      0.0000
 47000.0000    174.0268    494.3628      0.0000      0.0000      0.0000
 47500.0000    174.0169    494.3709      0.0000      0.0000      0.0000
 48000.0000    174.0070    494.3789      0.0000      0.0000      0.0000
 48500.0000    173.9970    494.3869      0.0000      0.0000      0.0000
 49000.0000    173.9871    494.3950      0.0000      0.0000      0.0000
 49500.0000    173.9772    494.4030      0.0000      0.0000      0.0000
 50000.0000    173.9673    494.4111      0.0000      0.0000      0.0000
 50500.0000    173.9574    494.4191      0.0000      0.0000      0.0000
 51000.0000    173.9475    494.4272      0.0000      0.0000      0.0000
 51500.0000    173.9376    494.4352      0.0000      0.0000      0.0000
 52000.0000    173.9277    494.4432      0.0000      0.0000      0.0000
 52500.0000    173.9179    494.4513      0.0000      0.0000      0.0000
 53000.0000    173.9080    494.4593      0.0000      0.0000      0.0000
 53500.0000    173.8981    494.4674      0.0000      0.0000      0.0000
 54000.0000    173.8882    494.4754      0.0000      0.0000      0.0000
 54500.0000    173.8783    494.4835      0.0000      0.0000      0.0000
 55000.0000    173.8684    494.4915      0.0000      0.0000      0.0000
 55500.0000    173.8585    494.4995      0.0000      0.0000      0.0000
 56000.0000    173.8486    494.5076      0.0000      0.0000      0.0000
 56500.0000    173.8387    494.5156      0.0000      0.0000      0.0000
 57000.0000    173.8288    494.5237      0.0000      0.0000      0.0000
 57500.0000    173.8189    494.5317      0.0000      0.0000      0.0000
 58000.0000    173.8090    494.5398      0.0000      0.0000      0.0000
 58500.0000    173.7991    494.5478      0.0000      0.0000      0.0000
 59000.0000    173.7892    494.5559      0.0000      0.0000      0.0000
 59500.0000    173.7793    494.5639      0.0000      0.0000      0.0000
 60000.0000    173.7695    494.5719      0.0000      0.0000      0.0000
 60500.0000    173.7596    494.5800      0.0000      0.0000      0.0000
 61000.0000    173.7497    494.5880      0.0000      0.0000      0.0000
 61500.0000    173.7398    494.5961      0.0000      0.0000      0.0000
 62000.0000    173.7299    494.6041      0.0000      0.0000      0.0000
 62500.0000    173.7200    494.6122      0.0000      0.0000      0.0000
 63000.0000    173.7101    494.6202      0.0000      0.0000      0.0000
 63500.0000    173.7002    494.6283      0.0000      0.0000      0.0000
 64000.0000    173.6904    494.6363      0.0000      0.0000      0.0000
 64500.0000    173.6805    494.6444      0.0000      0.0000      0.0000
 65000.0000    173.6706    494.6524      0.0000      0.0000      0.0000
 65500.0000    173.6607    494.6605      0.0000      0.0000      0.0000
 66000.0000    173.6508    494.6685      0.0000      0.0000      0.0000
