   281 ! Number of levels (RCEMIP sounding)
 z(km)   p(mb)   o3(g/g)   n2o(g/g)   ch4(g/g)   cfc11(g/g)   cfc12(g/g)
     70.000       0.352  2.4546e-06  4.6428e-07  9.1034e-07  0.0000e+00  0.0000e+00
     69.750       0.362  2.5112e-06  4.6428e-07  9.1034e-07  0.0000e+00  0.0000e+00
     69.500       0.373  2.5690e-06  4.6428e-07  9.1034e-07  0.0000e+00  0.0000e+00
     69.250       0.383  2.6281e-06  4.6428e-07  9.1034e-07  0.0000e+00  0.0000e+00
     69.000       0.394  2.6884e-06  4.6428e-07  9.1034e-07  0.0000e+00  0.0000e+00
     68.750       0.406  2.7500e-06  4.6428e-07  9.1034e-07  0.0000e+00  0.0000e+00
     68.500       0.417  2.8130e-06  4.6428e-07  9.1034e-07  0.0000e+00  0.0000e+00
     68.250       0.429  2.8774e-06  4.6428e-07  9.1034e-07  0.0000e+00  0.0000e+00
     68.000       0.442  2.9431e-06  4.6428e-07  9.1034e-07  0.0000e+00  0.0000e+00
     67.750       0.455  3.0102e-06  4.6428e-07  9.1034e-07  0.0000e+00  0.0000e+00
     67.500       0.468  3.0788e-06  4.6428e-07  9.1034e-07  0.0000e+00  0.0000e+00
     67.250       0.481  3.1488e-06  4.6428e-07  9.1034e-07  0.0000e+00  0.0000e+00
     67.000       0.495  3.2203e-06  4.6428e-07  9.1034e-07  0.0000e+00  0.0000e+00
     66.750       0.509  3.2933e-06  4.6428e-07  9.1034e-07  0.0000e+00  0.0000e+00
     66.500       0.524  3.3679e-06  4.6428e-07  9.1034e-07  0.0000e+00  0.0000e+00
     66.250       0.539  3.4440e-06  4.6428e-07  9.1034e-07  0.0000e+00  0.0000e+00
     66.000       0.555  3.5216e-06  4.6428e-07  9.1034e-07  0.0000e+00  0.0000e+00
     65.750       0.571  3.6009e-06  4.6428e-07  9.1034e-07  0.0000e+00  0.0000e+00
     65.500       0.587  3.6819e-06  4.6428e-07  9.1034e-07  0.0000e+00  0.0000e+00
     65.250       0.604  3.7644e-06  4.6428e-07  9.1034e-07  0.0000e+00  0.0000e+00
     65.000       0.622  3.8487e-06  4.6428e-07  9.1034e-07  0.0000e+00  0.0000e+00
     64.750       0.640  3.9347e-06  4.6428e-07  9.1034e-07  0.0000e+00  0.0000e+00
     64.500       0.658  4.0224e-06  4.6428e-07  9.1034e-07  0.0000e+00  0.0000e+00
     64.250       0.677  4.1119e-06  4.6428e-07  9.1034e-07  0.0000e+00  0.0000e+00
     64.000       0.697  4.2032e-06  4.6428e-07  9.1034e-07  0.0000e+00  0.0000e+00
     63.750       0.717  4.2963e-06  4.6428e-07  9.1034e-07  0.0000e+00  0.0000e+00
     63.500       0.737  4.3912e-06  4.6428e-07  9.1034e-07  0.0000e+00  0.0000e+00
     63.250       0.759  4.4880e-06  4.6428e-07  9.1034e-07  0.0000e+00  0.0000e+00
     63.000       0.781  4.5867e-06  4.6428e-07  9.1034e-07  0.0000e+00  0.0000e+00
     62.750       0.803  4.6872e-06  4.6428e-07  9.1034e-07  0.0000e+00  0.0000e+00
     62.500       0.826  4.7897e-06  4.6428e-07  9.1034e-07  0.0000e+00  0.0000e+00
     62.250       0.850  4.8942e-06  4.6428e-07  9.1034e-07  0.0000e+00  0.0000e+00
     62.000       0.875  5.0006e-06  4.6428e-07  9.1034e-07  0.0000e+00  0.0000e+00
     61.750       0.900  5.1091e-06  4.6428e-07  9.1034e-07  0.0000e+00  0.0000e+00
     61.500       0.926  5.2195e-06  4.6428e-07  9.1034e-07  0.0000e+00  0.0000e+00
     61.250       0.953  5.3320e-06  4.6428e-07  9.1034e-07  0.0000e+00  0.0000e+00
     61.000       0.980  5.4466e-06  4.6428e-07  9.1034e-07  0.0000e+00  0.0000e+00
     60.750       1.008  5.5632e-06  4.6428e-07  9.1034e-07  0.0000e+00  0.0000e+00
     60.500       1.038  5.6819e-06  4.6428e-07  9.1034e-07  0.0000e+00  0.0000e+00
     60.250       1.067  5.8027e-06  4.6428e-07  9.1034e-07  0.0000e+00  0.0000e+00
     60.000       1.098  5.9256e-06  4.6428e-07  9.1034e-07  0.0000e+00  0.0000e+00
     59.750       1.130  6.0506e-06  4.6428e-07  9.1034e-07  0.0000e+00  0.0000e+00
     59.500       1.163  6.1778e-06  4.6428e-07  9.1034e-07  0.0000e+00  0.0000e+00
     59.250       1.196  6.3072e-06  4.6428e-07  9.1034e-07  0.0000e+00  0.0000e+00
     59.000       1.231  6.4387e-06  4.6428e-07  9.1034e-07  0.0000e+00  0.0000e+00
     58.750       1.266  6.5723e-06  4.6428e-07  9.1034e-07  0.0000e+00  0.0000e+00
     58.500       1.303  6.7082e-06  4.6428e-07  9.1034e-07  0.0000e+00  0.0000e+00
     58.250       1.340  6.8462e-06  4.6428e-07  9.1034e-07  0.0000e+00  0.0000e+00
     58.000       1.379  6.9864e-06  4.6428e-07  9.1034e-07  0.0000e+00  0.0000e+00
     57.750       1.419  7.1287e-06  4.6428e-07  9.1034e-07  0.0000e+00  0.0000e+00
     57.500       1.460  7.2732e-06  4.6428e-07  9.1034e-07  0.0000e+00  0.0000e+00
     57.250       1.502  7.4199e-06  4.6428e-07  9.1034e-07  0.0000e+00  0.0000e+00
     57.000       1.545  7.5687e-06  4.6428e-07  9.1034e-07  0.0000e+00  0.0000e+00
     56.750       1.590  7.7197e-06  4.6428e-07  9.1034e-07  0.0000e+00  0.0000e+00
     56.500       1.636  7.8727e-06  4.6428e-07  9.1034e-07  0.0000e+00  0.0000e+00
     56.250       1.683  8.0279e-06  4.6428e-07  9.1034e-07  0.0000e+00  0.0000e+00
     56.000       1.732  8.1851e-06  4.6428e-07  9.1034e-07  0.0000e+00  0.0000e+00
     55.750       1.782  8.3444e-06  4.6428e-07  9.1034e-07  0.0000e+00  0.0000e+00
     55.500       1.833  8.5057e-06  4.6428e-07  9.1034e-07  0.0000e+00  0.0000e+00
     55.250       1.886  8.6690e-06  4.6428e-07  9.1034e-07  0.0000e+00  0.0000e+00
     55.000       1.940  8.8342e-06  4.6428e-07  9.1034e-07  0.0000e+00  0.0000e+00
     54.750       1.996  9.0014e-06  4.6428e-07  9.1034e-07  0.0000e+00  0.0000e+00
     54.500       2.054  9.1704e-06  4.6428e-07  9.1034e-07  0.0000e+00  0.0000e+00
     54.250       2.113  9.3412e-06  4.6428e-07  9.1034e-07  0.0000e+00  0.0000e+00
     54.000       2.174  9.5137e-06  4.6428e-07  9.1034e-07  0.0000e+00  0.0000e+00
     53.750       2.237  9.6880e-06  4.6428e-07  9.1034e-07  0.0000e+00  0.0000e+00
     53.500       2.301  9.8638e-06  4.6428e-07  9.1034e-07  0.0000e+00  0.0000e+00
     53.250       2.368  1.0041e-05  4.6428e-07  9.1034e-07  0.0000e+00  0.0000e+00
     53.000       2.436  1.0220e-05  4.6428e-07  9.1034e-07  0.0000e+00  0.0000e+00
     52.750       2.507  1.0400e-05  4.6428e-07  9.1034e-07  0.0000e+00  0.0000e+00
     52.500       2.579  1.0582e-05  4.6428e-07  9.1034e-07  0.0000e+00  0.0000e+00
     52.250       2.653  1.0765e-05  4.6428e-07  9.1034e-07  0.0000e+00  0.0000e+00
     52.000       2.730  1.0948e-05  4.6428e-07  9.1034e-07  0.0000e+00  0.0000e+00
     51.750       2.809  1.1133e-05  4.6428e-07  9.1034e-07  0.0000e+00  0.0000e+00
     51.500       2.890  1.1319e-05  4.6428e-07  9.1034e-07  0.0000e+00  0.0000e+00
     51.250       2.973  1.1505e-05  4.6428e-07  9.1034e-07  0.0000e+00  0.0000e+00
     51.000       3.059  1.1692e-05  4.6428e-07  9.1034e-07  0.0000e+00  0.0000e+00
     50.750       3.147  1.1879e-05  4.6428e-07  9.1034e-07  0.0000e+00  0.0000e+00
     50.500       3.238  1.2067e-05  4.6428e-07  9.1034e-07  0.0000e+00  0.0000e+00
     50.250       3.332  1.2255e-05  4.6428e-07  9.1034e-07  0.0000e+00  0.0000e+00
     50.000       3.428  1.2443e-05  4.6428e-07  9.1034e-07  0.0000e+00  0.0000e+00
     49.750       3.527  1.2630e-05  4.6428e-07  9.1034e-07  0.0000e+00  0.0000e+00
     49.500       3.628  1.2817e-05  4.6428e-07  9.1034e-07  0.0000e+00  0.0000e+00
     49.250       3.733  1.3004e-05  4.6428e-07  9.1034e-07  0.0000e+00  0.0000e+00
     49.000       3.841  1.3190e-05  4.6428e-07  9.1034e-07  0.0000e+00  0.0000e+00
     48.750       3.952  1.3374e-05  4.6428e-07  9.1034e-07  0.0000e+00  0.0000e+00
     48.500       4.066  1.3558e-05  4.6428e-07  9.1034e-07  0.0000e+00  0.0000e+00
     48.250       4.183  1.3740e-05  4.6428e-07  9.1034e-07  0.0000e+00  0.0000e+00
     48.000       4.304  1.3920e-05  4.6428e-07  9.1034e-07  0.0000e+00  0.0000e+00
     47.750       4.428  1.4099e-05  4.6428e-07  9.1034e-07  0.0000e+00  0.0000e+00
     47.500       4.556  1.4275e-05  4.6428e-07  9.1034e-07  0.0000e+00  0.0000e+00
     47.250       4.688  1.4448e-05  4.6428e-07  9.1034e-07  0.0000e+00  0.0000e+00
     47.000       4.823  1.4619e-05  4.6428e-07  9.1034e-07  0.0000e+00  0.0000e+00
     46.750       4.962  1.4787e-05  4.6428e-07  9.1034e-07  0.0000e+00  0.0000e+00
     46.500       5.105  1.4952e-05  4.6428e-07  9.1034e-07  0.0000e+00  0.0000e+00
     46.250       5.253  1.5112e-05  4.6428e-07  9.1034e-07  0.0000e+00  0.0000e+00
     46.000       5.404  1.5269e-05  4.6428e-07  9.1034e-07  0.0000e+00  0.0000e+00
     45.750       5.560  1.5422e-05  4.6428e-07  9.1034e-07  0.0000e+00  0.0000e+00
     45.500       5.721  1.5569e-05  4.6428e-07  9.1034e-07  0.0000e+00  0.0000e+00
     45.250       5.886  1.5712e-05  4.6428e-07  9.1034e-07  0.0000e+00  0.0000e+00
     45.000       6.056  1.5850e-05  4.6428e-07  9.1034e-07  0.0000e+00  0.0000e+00
     44.750       6.230  1.5981e-05  4.6428e-07  9.1034e-07  0.0000e+00  0.0000e+00
     44.500       6.410  1.6107e-05  4.6428e-07  9.1034e-07  0.0000e+00  0.0000e+00
     44.250       6.595  1.6226e-05  4.6428e-07  9.1034e-07  0.0000e+00  0.0000e+00
     44.000       6.786  1.6339e-05  4.6428e-07  9.1034e-07  0.0000e+00  0.0000e+00
     43.750       6.982  1.6444e-05  4.6428e-07  9.1034e-07  0.0000e+00  0.0000e+00
     43.500       7.183  1.6542e-05  4.6428e-07  9.1034e-07  0.0000e+00  0.0000e+00
     43.250       7.390  1.6632e-05  4.6428e-07  9.1034e-07  0.0000e+00  0.0000e+00
     43.000       7.604  1.6713e-05  4.6428e-07  9.1034e-07  0.0000e+00  0.0000e+00
     42.750       7.823  1.6786e-05  4.6428e-07  9.1034e-07  0.0000e+00  0.0000e+00
     42.500       8.049  1.6850e-05  4.6428e-07  9.1034e-07  0.0000e+00  0.0000e+00
     42.250       8.281  1.6904e-05  4.6428e-07  9.1034e-07  0.0000e+00  0.0000e+00
     42.000       8.520  1.6948e-05  4.6428e-07  9.1034e-07  0.0000e+00  0.0000e+00
     41.750       8.766  1.6982e-05  4.6428e-07  9.1034e-07  0.0000e+00  0.0000e+00
     41.500       9.019  1.7006e-05  4.6428e-07  9.1034e-07  0.0000e+00  0.0000e+00
     41.250       9.279  1.7018e-05  4.6428e-07  9.1034e-07  0.0000e+00  0.0000e+00
     41.000       9.547  1.7020e-05  4.6428e-07  9.1034e-07  0.0000e+00  0.0000e+00
     40.750       9.823  1.7010e-05  4.6428e-07  9.1034e-07  0.0000e+00  0.0000e+00
     40.500      10.106  1.6988e-05  4.6428e-07  9.1034e-07  0.0000e+00  0.0000e+00
     40.250      10.398  1.6953e-05  4.6428e-07  9.1034e-07  0.0000e+00  0.0000e+00
     40.000      10.698  1.6906e-05  4.6428e-07  9.1034e-07  0.0000e+00  0.0000e+00
     39.750      11.007  1.6847e-05  4.6428e-07  9.1034e-07  0.0000e+00  0.0000e+00
     39.500      11.325  1.6775e-05  4.6428e-07  9.1034e-07  0.0000e+00  0.0000e+00
     39.250      11.652  1.6689e-05  4.6428e-07  9.1034e-07  0.0000e+00  0.0000e+00
     39.000      11.988  1.6590e-05  4.6428e-07  9.1034e-07  0.0000e+00  0.0000e+00
     38.750      12.334  1.6477e-05  4.6428e-07  9.1034e-07  0.0000e+00  0.0000e+00
     38.500      12.690  1.6351e-05  4.6428e-07  9.1034e-07  0.0000e+00  0.0000e+00
     38.250      13.056  1.6211e-05  4.6428e-07  9.1034e-07  0.0000e+00  0.0000e+00
     38.000      13.433  1.6058e-05  4.6428e-07  9.1034e-07  0.0000e+00  0.0000e+00
     37.750      13.821  1.5890e-05  4.6428e-07  9.1034e-07  0.0000e+00  0.0000e+00
     37.500      14.220  1.5709e-05  4.6428e-07  9.1034e-07  0.0000e+00  0.0000e+00
     37.250      14.630  1.5514e-05  4.6428e-07  9.1034e-07  0.0000e+00  0.0000e+00
     37.000      15.052  1.5306e-05  4.6428e-07  9.1034e-07  0.0000e+00  0.0000e+00
     36.750      15.487  1.5084e-05  4.6428e-07  9.1034e-07  0.0000e+00  0.0000e+00
     36.500      15.934  1.4849e-05  4.6428e-07  9.1034e-07  0.0000e+00  0.0000e+00
     36.250      16.394  1.4601e-05  4.6428e-07  9.1034e-07  0.0000e+00  0.0000e+00
     36.000      16.867  1.4341e-05  4.6428e-07  9.1034e-07  0.0000e+00  0.0000e+00
     35.750      17.354  1.4068e-05  4.6428e-07  9.1034e-07  0.0000e+00  0.0000e+00
     35.500      17.854  1.3783e-05  4.6428e-07  9.1034e-07  0.0000e+00  0.0000e+00
     35.250      18.370  1.3487e-05  4.6428e-07  9.1034e-07  0.0000e+00  0.0000e+00
     35.000      18.900  1.3180e-05  4.6428e-07  9.1034e-07  0.0000e+00  0.0000e+00
     34.750      19.445  1.2863e-05  4.6428e-07  9.1034e-07  0.0000e+00  0.0000e+00
     34.500      20.007  1.2535e-05  4.6428e-07  9.1034e-07  0.0000e+00  0.0000e+00
     34.250      20.584  1.2199e-05  4.6428e-07  9.1034e-07  0.0000e+00  0.0000e+00
     34.000      21.178  1.1854e-05  4.6428e-07  9.1034e-07  0.0000e+00  0.0000e+00
     33.750      21.790  1.1502e-05  4.6428e-07  9.1034e-07  0.0000e+00  0.0000e+00
     33.500      22.418  1.1143e-05  4.6428e-07  9.1034e-07  0.0000e+00  0.0000e+00
     33.250      23.066  1.0778e-05  4.6428e-07  9.1034e-07  0.0000e+00  0.0000e+00
     33.000      23.731  1.0407e-05  4.6428e-07  9.1034e-07  0.0000e+00  0.0000e+00
     32.750      24.416  1.0033e-05  4.6428e-07  9.1034e-07  0.0000e+00  0.0000e+00
     32.500      25.121  9.6546e-06  4.6428e-07  9.1034e-07  0.0000e+00  0.0000e+00
     32.250      25.846  9.2742e-06  4.6428e-07  9.1034e-07  0.0000e+00  0.0000e+00
     32.000      26.592  8.8924e-06  4.6428e-07  9.1034e-07  0.0000e+00  0.0000e+00
     31.750      27.360  8.5101e-06  4.6428e-07  9.1034e-07  0.0000e+00  0.0000e+00
     31.500      28.149  8.1284e-06  4.6428e-07  9.1034e-07  0.0000e+00  0.0000e+00
     31.250      28.962  7.7483e-06  4.6428e-07  9.1034e-07  0.0000e+00  0.0000e+00
     31.000      29.798  7.3707e-06  4.6428e-07  9.1034e-07  0.0000e+00  0.0000e+00
     30.750      30.658  6.9966e-06  4.6428e-07  9.1034e-07  0.0000e+00  0.0000e+00
     30.500      31.542  6.6270e-06  4.6428e-07  9.1034e-07  0.0000e+00  0.0000e+00
     30.250      32.453  6.2628e-06  4.6428e-07  9.1034e-07  0.0000e+00  0.0000e+00
     30.000      33.390  5.9049e-06  4.6428e-07  9.1034e-07  0.0000e+00  0.0000e+00
     29.750      34.353  5.5542e-06  4.6428e-07  9.1034e-07  0.0000e+00  0.0000e+00
     29.500      35.345  5.2116e-06  4.6428e-07  9.1034e-07  0.0000e+00  0.0000e+00
     29.250      36.365  4.8778e-06  4.6428e-07  9.1034e-07  0.0000e+00  0.0000e+00
     29.000      37.415  4.5536e-06  4.6428e-07  9.1034e-07  0.0000e+00  0.0000e+00
     28.750      38.494  4.2395e-06  4.6428e-07  9.1034e-07  0.0000e+00  0.0000e+00
     28.500      39.606  3.9363e-06  4.6428e-07  9.1034e-07  0.0000e+00  0.0000e+00
     28.250      40.749  3.6445e-06  4.6428e-07  9.1034e-07  0.0000e+00  0.0000e+00
     28.000      41.925  3.3645e-06  4.6428e-07  9.1034e-07  0.0000e+00  0.0000e+00
     27.750      43.135  3.0968e-06  4.6428e-07  9.1034e-07  0.0000e+00  0.0000e+00
     27.500      44.380  2.8416e-06  4.6428e-07  9.1034e-07  0.0000e+00  0.0000e+00
     27.250      45.661  2.5992e-06  4.6428e-07  9.1034e-07  0.0000e+00  0.0000e+00
     27.000      46.979  2.3697e-06  4.6428e-07  9.1034e-07  0.0000e+00  0.0000e+00
     26.750      48.335  2.1533e-06  4.6428e-07  9.1034e-07  0.0000e+00  0.0000e+00
     26.500      49.730  1.9499e-06  4.6428e-07  9.1034e-07  0.0000e+00  0.0000e+00
     26.250      51.165  1.7595e-06  4.6428e-07  9.1034e-07  0.0000e+00  0.0000e+00
     26.000      52.642  1.5819e-06  4.6428e-07  9.1034e-07  0.0000e+00  0.0000e+00
     25.750      54.161  1.4168e-06  4.6428e-07  9.1034e-07  0.0000e+00  0.0000e+00
     25.500      55.724  1.2641e-06  4.6428e-07  9.1034e-07  0.0000e+00  0.0000e+00
     25.250      57.333  1.1234e-06  4.6428e-07  9.1034e-07  0.0000e+00  0.0000e+00
     25.000      58.988  9.9429e-07  4.6428e-07  9.1034e-07  0.0000e+00  0.0000e+00
     24.750      60.690  8.7631e-07  4.6428e-07  9.1034e-07  0.0000e+00  0.0000e+00
     24.500      62.442  7.6900e-07  4.6428e-07  9.1034e-07  0.0000e+00  0.0000e+00
     24.250      64.244  6.7182e-07  4.6428e-07  9.1034e-07  0.0000e+00  0.0000e+00
     24.000      66.098  5.8425e-07  4.6428e-07  9.1034e-07  0.0000e+00  0.0000e+00
     23.750      68.006  5.0570e-07  4.6428e-07  9.1034e-07  0.0000e+00  0.0000e+00
     23.500      69.969  4.3559e-07  4.6428e-07  9.1034e-07  0.0000e+00  0.0000e+00
     23.250      71.988  3.7333e-07  4.6428e-07  9.1034e-07  0.0000e+00  0.0000e+00
     23.000      74.066  3.1833e-07  4.6428e-07  9.1034e-07  0.0000e+00  0.0000e+00
     22.750      76.204  2.7001e-07  4.6428e-07  9.1034e-07  0.0000e+00  0.0000e+00
     22.500      78.403  2.2778e-07  4.6428e-07  9.1034e-07  0.0000e+00  0.0000e+00
     22.250      80.666  1.9108e-07  4.6428e-07  9.1034e-07  0.0000e+00  0.0000e+00
     22.000      82.995  1.5938e-07  4.6428e-07  9.1034e-07  0.0000e+00  0.0000e+00
     21.750      85.390  1.3215e-07  4.6428e-07  9.1034e-07  0.0000e+00  0.0000e+00
     21.500      87.855  1.0890e-07  4.6428e-07  9.1034e-07  0.0000e+00  0.0000e+00
     21.250      90.390  8.9190e-08  4.6428e-07  9.1034e-07  0.0000e+00  0.0000e+00
     21.000      92.999  7.2574e-08  4.6428e-07  9.1034e-07  0.0000e+00  0.0000e+00
     20.750      95.684  5.8664e-08  4.6428e-07  9.1034e-07  0.0000e+00  0.0000e+00
     20.500      98.445  4.7097e-08  4.6428e-07  9.1034e-07  0.0000e+00  0.0000e+00
     20.250     101.287  3.7546e-08  4.6428e-07  9.1034e-07  0.0000e+00  0.0000e+00
     20.000     104.210  2.9717e-08  4.6428e-07  9.1034e-07  0.0000e+00  0.0000e+00
     19.750     107.218  2.3346e-08  4.6428e-07  9.1034e-07  0.0000e+00  0.0000e+00
     19.500     110.313  1.8201e-08  4.6428e-07  9.1034e-07  0.0000e+00  0.0000e+00
     19.250     113.497  1.4079e-08  4.6428e-07  9.1034e-07  0.0000e+00  0.0000e+00
     19.000     116.772  1.0802e-08  4.6428e-07  9.1034e-07  0.0000e+00  0.0000e+00
     18.750     120.143  8.2197e-09  4.6428e-07  9.1034e-07  0.0000e+00  0.0000e+00
     18.500     123.610  6.2011e-09  4.6428e-07  9.1034e-07  0.0000e+00  0.0000e+00
     18.250     127.178  4.6372e-09  4.6428e-07  9.1034e-07  0.0000e+00  0.0000e+00
     18.000     130.849  3.4364e-09  4.6428e-07  9.1034e-07  0.0000e+00  0.0000e+00
     17.750     134.626  2.5229e-09  4.6428e-07  9.1034e-07  0.0000e+00  0.0000e+00
     17.500     138.511  1.8345e-09  4.6428e-07  9.1034e-07  0.0000e+00  0.0000e+00
     17.250     142.509  1.3208e-09  4.6428e-07  9.1034e-07  0.0000e+00  0.0000e+00
     17.000     146.622  9.4137e-10  4.6428e-07  9.1034e-07  0.0000e+00  0.0000e+00
     16.750     150.854  6.6395e-10  4.6428e-07  9.1034e-07  0.0000e+00  0.0000e+00
     16.500     155.208  4.6327e-10  4.6428e-07  9.1034e-07  0.0000e+00  0.0000e+00
     16.250     159.688  3.1969e-10  4.6428e-07  9.1034e-07  0.0000e+00  0.0000e+00
     16.000     164.297  2.1811e-10  4.6428e-07  9.1034e-07  0.0000e+00  0.0000e+00
     15.750     169.039  1.4707e-10  4.6428e-07  9.1034e-07  0.0000e+00  0.0000e+00
     15.500     173.918  9.7983e-11  4.6428e-07  9.1034e-07  0.0000e+00  0.0000e+00
     15.250     178.938  6.4473e-11  4.6428e-07  9.1034e-07  0.0000e+00  0.0000e+00
     15.000     184.103  4.1886e-11  4.6428e-07  9.1034e-07  0.0000e+00  0.0000e+00
     14.750     189.416  2.6857e-11  4.6428e-07  9.1034e-07  0.0000e+00  0.0000e+00
     14.500     194.883  1.6989e-11  4.6428e-07  9.1034e-07  0.0000e+00  0.0000e+00
     14.250     200.508  1.0599e-11  4.6428e-07  9.1034e-07  0.0000e+00  0.0000e+00
     14.000     206.295  6.5184e-12  4.6428e-07  9.1034e-07  0.0000e+00  0.0000e+00
     13.750     212.249  3.9503e-12  4.6428e-07  9.1034e-07  0.0000e+00  0.0000e+00
     13.500     218.375  2.3580e-12  4.6428e-07  9.1034e-07  0.0000e+00  0.0000e+00
     13.250     224.678  1.3858e-12  4.6428e-07  9.1034e-07  0.0000e+00  0.0000e+00
     13.000     231.162  8.0146e-13  4.6428e-07  9.1034e-07  0.0000e+00  0.0000e+00
     12.750     237.834  4.5595e-13  4.6428e-07  9.1034e-07  0.0000e+00  0.0000e+00
     12.500     244.698  2.5503e-13  4.6428e-07  9.1034e-07  0.0000e+00  0.0000e+00
     12.250     251.760  1.4018e-13  4.6428e-07  9.1034e-07  0.0000e+00  0.0000e+00
     12.000     259.026  7.5677e-14  4.6428e-07  9.1034e-07  0.0000e+00  0.0000e+00
     11.750     266.502  4.0109e-14  4.6428e-07  9.1034e-07  0.0000e+00  0.0000e+00
     11.500     274.193  2.0857e-14  4.6428e-07  9.1034e-07  0.0000e+00  0.0000e+00
     11.250     282.107  1.0636e-14  4.6428e-07  9.1034e-07  0.0000e+00  0.0000e+00
     11.000     290.248  5.3159e-15  4.6428e-07  9.1034e-07  0.0000e+00  0.0000e+00
     10.750     298.625  2.6025e-15  4.6428e-07  9.1034e-07  0.0000e+00  0.0000e+00
     10.500     307.243  1.2472e-15  4.6428e-07  9.1034e-07  0.0000e+00  0.0000e+00
     10.250     316.110  5.8477e-16  4.6428e-07  9.1034e-07  0.0000e+00  0.0000e+00
     10.000     325.233  2.6806e-16  4.6428e-07  9.1034e-07  0.0000e+00  0.0000e+00
      9.750     334.619  1.2007e-16  4.6428e-07  9.1034e-07  0.0000e+00  0.0000e+00
      9.500     344.276  5.2511e-17  4.6428e-07  9.1034e-07  0.0000e+00  0.0000e+00
      9.250     354.211  2.2408e-17  4.6428e-07  9.1034e-07  0.0000e+00  0.0000e+00
      9.000     364.433  9.3241e-18  4.6428e-07  9.1034e-07  0.0000e+00  0.0000e+00
      8.750     374.950  3.7802e-18  4.6428e-07  9.1034e-07  0.0000e+00  0.0000e+00
      8.500     385.771  1.4922e-18  4.6428e-07  9.1034e-07  0.0000e+00  0.0000e+00
      8.250     396.903  5.7303e-19  4.6428e-07  9.1034e-07  0.0000e+00  0.0000e+00
      8.000     408.357  2.1392e-19  4.6428e-07  9.1034e-07  0.0000e+00  0.0000e+00
      7.750     420.142  7.7566e-20  4.6428e-07  9.1034e-07  0.0000e+00  0.0000e+00
      7.500     432.266  2.7295e-20  4.6428e-07  9.1034e-07  0.0000e+00  0.0000e+00
      7.250     444.740  9.3136e-21  4.6428e-07  9.1034e-07  0.0000e+00  0.0000e+00
      7.000     457.574  3.0788e-21  4.6428e-07  9.1034e-07  0.0000e+00  0.0000e+00
      6.750     470.779  9.8510e-22  4.6428e-07  9.1034e-07  0.0000e+00  0.0000e+00
      6.500     484.364  3.0479e-22  4.6428e-07  9.1034e-07  0.0000e+00  0.0000e+00
      6.250     498.341  9.1102e-23  4.6428e-07  9.1034e-07  0.0000e+00  0.0000e+00
      6.000     512.722  2.6280e-23  4.6428e-07  9.1034e-07  0.0000e+00  0.0000e+00
      5.750     527.518  7.3088e-24  4.6428e-07  9.1034e-07  0.0000e+00  0.0000e+00
      5.500     542.740  1.9577e-24  4.6428e-07  9.1034e-07  0.0000e+00  0.0000e+00
      5.250     558.401  5.0446e-25  4.6428e-07  9.1034e-07  0.0000e+00  0.0000e+00
      5.000     574.515  1.2492e-25  4.6428e-07  9.1034e-07  0.0000e+00  0.0000e+00
      4.750     591.093  2.9693e-26  4.6428e-07  9.1034e-07  0.0000e+00  0.0000e+00
      4.500     608.149  6.7666e-27  4.6428e-07  9.1034e-07  0.0000e+00  0.0000e+00
      4.250     625.698  1.4766e-27  4.6428e-07  9.1034e-07  0.0000e+00  0.0000e+00
      4.000     643.753  3.0816e-28  4.6428e-07  9.1034e-07  0.0000e+00  0.0000e+00
      3.750     662.329  6.1430e-29  4.6428e-07  9.1034e-07  0.0000e+00  0.0000e+00
      3.500     681.440  1.1681e-29  4.6428e-07  9.1034e-07  0.0000e+00  0.0000e+00
      3.250     701.103  2.1158e-30  4.6428e-07  9.1034e-07  0.0000e+00  0.0000e+00
      3.000     721.334  3.6455e-31  4.6428e-07  9.1034e-07  0.0000e+00  0.0000e+00
      2.750     742.148  5.9666e-32  4.6428e-07  9.1034e-07  0.0000e+00  0.0000e+00
      2.500     763.562  9.2623e-33  4.6428e-07  9.1034e-07  0.0000e+00  0.0000e+00
      2.250     785.594  1.3617e-33  4.6428e-07  9.1034e-07  0.0000e+00  0.0000e+00
      2.000     808.262  1.8928e-34  4.6428e-07  9.1034e-07  0.0000e+00  0.0000e+00
      1.750     831.583  2.4839e-35  4.6428e-07  9.1034e-07  0.0000e+00  0.0000e+00
      1.500     855.578  3.0720e-36  4.6428e-07  9.1034e-07  0.0000e+00  0.0000e+00
      1.250     880.265  3.5745e-37  4.6428e-07  9.1034e-07  0.0000e+00  0.0000e+00
      1.000     905.663  3.9063e-38  4.6428e-07  9.1034e-07  0.0000e+00  0.0000e+00
      0.750     931.795  4.0021e-39  4.6428e-07  9.1034e-07  0.0000e+00  0.0000e+00
      0.500     958.680  3.8368e-40  4.6428e-07  9.1034e-07  0.0000e+00  0.0000e+00
      0.250     986.341  3.4353e-41  4.6428e-07  9.1034e-07  0.0000e+00  0.0000e+00
      0.000    1014.800  2.8671e-42  4.6428e-07  9.1034e-07  0.0000e+00  0.0000e+00
